49033       1           0.000      1
64489       1           0.550      2
48865       1           0.910      3
48818       1           5.316      4
48647       1           8.714      5
48797       1           8.776      6
48634       1          11.669      7
48654       1          14.974      8
48685       1          15.432      9
48734       1          17.628     10
48744       1          17.710     11
48180       1          17.734     12
48562       1          19.406     13
48552       1          22.220     14
48560       1          23.510     15
48932       1          23.855     16
48950       1          25.465     17
77475       1          26.975     18
35898       1          29.701     19
48420       1          30.270     20
48443       1          30.846     21
48398       1          34.346     22
48381       1          34.385     23
48342       1          35.615     24
48320       1          36.197     25
77225       1          36.632     26
48250       1          36.632     27
69798       1          37.520     28
70976       1          38.968     29
48122       1          41.086     30
48478       1          44.371     31
48028       1          45.334     32
54402       1          46.233     33
48004       1          46.444     34
53711       1          47.837     35
48211       1          49.612     36
48220       1          50.470     37
47882       1          52.848     38
47877       1          53.518     39
47741       1          56.417     40
47792       1          56.479     41
47736       1          56.479     42
47677       1          62.646     43
47678       1          63.542     44
47635       1          64.462     45
46161       1          74.709     46
46078       1          76.030     47
48061       1          77.753     48
83026       1          78.742     49
47090       1          80.445     50
47157       1          80.744     51
66165       1          80.858     52
46864       1          83.962     53
65427       1          85.146     54
46048       1          86.162     55
46634       1          87.016     56
46669       1          87.560     57
46668       1          87.699     58
46628       1          87.837     59
47428       1          88.103     60
47072       1          88.903     61
45569       1          89.878     62
45582       1          90.801     63
45793       1          92.089     64
45646       1          93.003     65
57968       1          93.459     66
45482       1          98.646     67
45502       1          99.343     68
59036       1         100.091     69
91196       1         102.889     70
45371       1         103.621     71
45553       1         104.201     72
45532       1         104.201     73
45311       1         105.404     74
67554       1         107.546     75
59517       1         110.560     76
45240       1         111.100     77
45103       1         111.548     78
45057       1         114.323     79
91807       1         116.874     80
44945       1         120.447     81
44952       1         125.080     82
49226       1         132.871     83
79699       1         133.987     84
49206       1         134.455     85
49237       1         135.348     86
47945       1         135.947     87
47510       1         139.114     88
47228       1         142.601     89
47242       1         142.622     90
47123       1         143.343     91
47052       1         143.363     92
46584       1         144.943     93
46794       1         148.126     94
89707       1         150.361     95
46828       1         151.257     96
88151       1         152.043     97
69574       1         152.859     98
57666       1         155.522     99
57799       1         158.706    100
47156       1         167.403    101
47760       1         168.392    102
49229       1         168.839    103
10735       2           0.000    104
75868       2           4.275    105
11436       2           5.974    106
11802       2           8.840    107
13493       2          11.811    108
28494       2          14.445    109
12391       2          14.537    110
12131       2          15.273    111
13512       2          21.268    112
10374       2          29.416    113
68977       2          32.898    114
10432       2          33.837    115
107413      2          37.568    116
70870       2          38.229    117
10694       2          41.315    118
12956       2          41.968    119
10656       2          43.586    120
10646       2          44.945    121
61516       2          44.971    122
11168       2          46.374    123
11963       2          47.608    124
61778       2          49.088    125
11681       2          49.737    126
11161       2          50.133    127
24794       2          50.544    128
11783       2          50.948    129
10899       2          50.948    130
11641       2          52.585    131
80952       2          53.071    132
72730       2          53.887    133
95634       2          54.813    134
74539       2          58.637    135
12171       2          60.199    136
12175       2          60.733    137
12045       2          63.991    138
94157       2          64.620    139
12051       2          64.937    140
67535       2          66.759    141
12248       2          67.078    142
11997       2          67.087    143
80696       2          67.823    144
83353       2          68.174    145
12268       2          68.661    146
76662       2          70.590    147
62318       2          71.702    148
54379       2          73.393    149
54380       2          73.418    150
73003       2          74.181    151
12395       2          74.922    152
12338       2          76.534    153
12456       2          78.720    154
12524       2          79.222    155
12415       2          79.285    156
54325       2          83.748    157
57414       2          84.741    158
67106       2          88.087    159
12621       2          89.663    160
84420       2          92.650    161
65170       2          92.650    162
12378       2          97.331    163
12716       2         100.029    164
12756       2         100.714    165
12829       2         102.925    166
12833       2         103.247    167
69498       2         109.634    168
12949       2         109.689    169
64024       2         111.254    170
66490       2         112.821    171
10820       2         113.276    172
57277       2         114.895    173
13036       2         116.121    174
13094       2         118.644    175
13170       2         123.035    176
13179       2         123.463    177
13171       2         124.058    178
13233       2         126.140    179
75909       2         128.458    180
13257       2         130.942    181
13348       2         132.273    182
21047       3           0.000    183
58173       3           1.406    184
22193       3           4.979    185
22617       3          15.283    186
23269       3          16.687    187
22798       3          18.262    188
21776       3          25.771    189
62020       3          25.889    190
87276       3          27.991    191
23312       3          28.472    192
23408       3          34.760    193
23377       3          37.699    194
91728       3          41.050    195
83710       3          43.111    196
21317       3          45.538    197
22274       3          47.010    198
111097      3          47.694    199
109589      3          47.694    200
84983       3          47.721    201
69863       3          49.422    202
8536        3          49.481    203
78808       3          50.148    204
71899       3          50.279    205
81238       3          51.118    206
81665       3          51.847    207
21700       3          52.062    208
78556       3          53.322    209
73340       3          54.381    210
81840       3          54.737    211
81005       3          55.457    212
66433       3          55.465    213
82279       3          56.361    214
82898       3          57.635    215
66684       3          58.303    216
21834       3          58.767    217
22255       3          58.767    218
81367       3          59.333    219
85601       3          60.198    220
21421       3          60.887    221
80726       3          61.196    222
80963       3          61.674    223
63033       3          62.214    224
22038       3          62.718    225
66078       3          62.751    226
21836       3          62.939    227
79516       3          63.300    228
83607       3          63.300    229
77493       3          63.307    230
56417       3          63.326    231
89524       3          64.018    232
66813       3          64.225    233
21566       3          64.505    234
21831       3          64.741    235
21264       3          65.080    236
90450       3          65.325    237
78628       3          65.619    238
75534       3          65.835    239
71179       3          66.472    240
76846       3          66.490    241
80206       3          66.765    242
78733       3          67.129    243
21935       3          67.728    244
23243       3          67.975    245
22107       3          68.322    246
21501       3          69.162    247
21964       3          69.308    248
59385       3          69.308    249
78841       3          69.473    250
22236       3          69.498    251
21109       3          71.040    252
81114       3          71.213    253
85112       3          71.595    254
22680       3          73.056    255
22628       3          73.056    256
22521       3          73.756    257
22633       3          74.177    258
22561       3          75.303    259
22560       3          75.303    260
22370       3          76.344    261
21369       3          76.814    262
22529       3          76.814    263
22455       3          77.544    264
22766       3          83.788    265
71625       3          85.236    266
53222       3          87.330    267
54485       3          87.330    268
54021       3          90.793    269
71542       3          92.351    270
22868       3          96.328    271
22903       3          98.238    272
22921       3         104.020    273
22923       3         104.072    274
22926       3         105.537    275
63892       3         107.073    276
22971       3         108.177    277
23009       3         109.361    278
23077       3         113.961    279
85990       3         114.270    280
52782       4           0.000    281
52788       4           0.075    282
52781       4           1.318    283
61256       4           3.044    284
56173       4           7.448    285
55349       4           8.619    286
53155       4           8.619    287
54414       4          15.035    288
54197       4          15.209    289
56125       4          15.308    290
53493       4          15.463    291
56834       4          16.445    292
53991       4          20.376    293
53760       4          21.618    294
64131       4          26.362    295
55653       4          27.091    296
62246       4          32.742    297
100501      4          37.171    298
104589      4          37.171    299
52504       4          39.675    300
55285       4          42.373    301
52306       4          43.291    302
52115       4          48.205    303
52196       4          49.001    304
52226       4          50.019    305
52102       4          51.984    306
90087       4          52.289    307
51752       4          53.571    308
79493       4          53.974    309
51856       4          56.579    310
51929       4          60.112    311
51869       4          60.368    312
51568       4          61.307    313
52015       4          61.307    314
51254       4          61.307    315
51534       4          61.784    316
50739       4          62.713    317
50759       4          62.884    318
52618       4          64.462    319
50718       4          65.831    320
69254       4          66.498    321
50504       4          66.675    322
50927       4          67.330    323
51035       4          67.570    324
110211      4          67.960    325
51514       4          67.997    326
60351       4          67.997    327
51140       4          67.997    328
51218       4          67.997    329
50653       4          69.184    330
65562       4          69.996    331
51516       4          69.996    332
51049       4          70.402    333
51201       4          71.184    334
51070       4          71.184    335
51135       4          71.184    336
50856       4          71.238    337
69460       4          71.944    338
50818       4          72.005    339
50693       4          72.594    340
61841       4          74.142    341
51702       4          76.654    342
50245       4          78.941    343
50406       4          78.985    344
50580       4          80.617    345
50544       4          81.500    346
50139       4          83.862    347
50127       4          84.461    348
50190       4          86.153    349
49886       4          96.524    350
49849       4          97.259    351
64664       4          97.324    352
49586       4         103.539    353
49582       4         104.488    354
49615       4         105.245    355
69422       4         106.915    356
49479       4         108.448    357
49491       4         109.600    358
49447       4         109.980    359
49437       4         111.463    360
49486       4         111.516    361
49438       4         111.526    362
73832       4         112.349    363
49452       4         112.975    364
73834       4         113.293    365
49405       4         114.785    366
53007       4         115.002    367
108403      4         115.743    368
49386       4         117.479    369
77708       4         117.657    370
68063       4         117.657    371
55199       4         120.565    372
70221       4         122.873    373
53924       4         122.938    374
52830       4         125.343    375
52147       4         129.649    376
51783       4         131.193    377
51368       4         134.358    378
50648       4         135.805    379
50532       4         136.408    380
49878       4         140.097    381
49668       4         143.085    382
65218       4         148.009    383
58492       4         150.720    384
61329       4         150.720    385
10134       5           0.000    386
10130       5           0.636    387
71764       5           5.340    388
10014       5           7.949    389
9970        5          11.885    390
9968        5          13.692    391
76154       5          21.059    392
87768       5          28.347    393
109908      5          29.732    394
109909      5          29.732    395
9641        5          30.394    396
9807        5          31.779    397
9676        5          36.483    398
86877       5          37.595    399
107450      5          38.031    400
9567        5          39.391    401
9543        5          40.119    402
7762        5          43.619    403
9450        5          44.376    404
56853       5          45.819    405
8951        5          46.623    406
85022       5          48.259    407
85021       5          48.686    408
8181        5          49.926    409
73565       5          51.075    410
8166        5          53.373    411
9362        5          53.930    412
9270        5          53.957    413
7916        5          53.959    414
8172        5          54.325    415
85227       5          54.745    416
9237        5          56.327    417
91089       5          56.327    418
8449        5          56.619    419
8289        5          57.177    420
84884       5          57.743    421
9050        5          59.314    422
8116        5          59.319    423
8129        5          59.319    424
8933        5          59.577    425
9339        5          60.076    426
9222        5          61.240    427
8889        5          62.734    428
8546        5          63.489    429
8557        5          63.489    430
7800        5          65.936    431
9224        5          65.940    432
8235        5          67.666    433
88609       5          68.853    434
9023        5          70.390    435
7662        5          71.064    436
55419       5          72.748    437
7606        5          73.758    438
7630        5          73.761    439
91803       5          74.164    440
7267        5          74.965    441
76123       5          76.240    442
7575        5          77.670    443
7241        5          79.395    444
66660       5          82.083    445
70716       5          82.182    446
7291        5          82.917    447
65328       5          85.817    448
7430        5          86.527    449
7404        5          88.054    450
70526       5          88.186    451
7492        5          89.283    452
7367        5          89.917    453
7191        5          90.741    454
7092        5          93.715    455
7147        5          93.850    456
7154        5          94.518    457
54288       5          95.467    458
7038        5          95.997    459
7136        5          95.997    460
7142        5          97.009    461
7141        5          97.716    462
7036        5          98.569    463
74058       5          99.041    464
6828        5         103.877    465
6705        5         103.966    466
6868        5         104.436    467
6805        5         104.777    468
10277       5         104.984    469
6825        5         105.719    470
6982        5         108.208    471
6918        5         109.384    472
6717        5         109.851    473
6594        5         111.245    474
6581        5         112.482    475
6493        5         116.058    476
6463        5         117.076    477
10263       5         118.257    478
69810       5         123.669    479
61850       5         128.181    480
66018       5         128.404    481
6654        5         129.053    482
81971       5         134.680    483
9308        5         141.104    484
6600        5         141.184    485
7671        5         146.404    486
15870       6           0.000    487
15819       6           1.457    488
15791       6           2.814    489
68724       6           2.879    490
15896       6           7.070    491
77348       6          32.240    492
15432       6          32.240    493
15533       6          32.243    494
15333       6          38.636    495
88203       6          41.207    496
15357       6          41.274    497
15221       6          43.885    498
94714       6          44.759    499
78266       6          46.067    500
91478       6          46.067    501
15262       6          48.024    502
15207       6          48.419    503
110619      6          48.516    504
79212       6          49.427    505
14997       6          49.841    506
70122       6          50.363    507
15077       6          51.693    508
14223       6          52.670    509
66124       6          52.678    510
86587       6          52.764    511
13606       6          53.327    512
14713       6          53.834    513
14030       6          54.780    514
14101       6          54.908    515
14338       6          55.185    516
13977       6          56.556    517
76073       6          59.527    518
54178       6          59.527    519
71418       6          60.443    520
72826       6          60.822    521
55523       6          62.511    522
58073       6          62.511    523
57899       6          65.186    524
55319       6          66.332    525
53851       6          68.588    526
53852       6          68.616    527
61522       6          77.073    528
107489      6          77.073    529
54405       6          77.073    530
55761       6          80.573    531
57875       6          83.028    532
61517       6          85.306    533
69314       6          87.735    534
13856       6          88.685    535
13929       6          89.219    536
54910       6          89.227    537
13909       6          89.755    538
13907       6          90.958    539
13884       6          91.873    540
13908       6          92.809    541
14494       6          94.836    542
14446       6          95.646    543
14537       6          95.981    544
14449       6          96.729    545
16225       6          97.659    546
86861       6          97.659    547
13596       6         100.575    548
72628       6         102.273    549
16216       6         113.448    550
55789       6         115.690    551
65834       6         115.690    552
59458       6         117.459    553
59378       6         117.487    554
16208       6         121.545    555
55041       6         128.330    556
13707       6         129.104    557
15661       6         129.326    558
13676       6         131.677    559
13770       6         136.022    560
16112       6         138.492    561
16031       6         139.628    562
16115       6         140.181    563
75396       6         142.601    564
70144       6         144.696    565
91535       6         147.458    566
16012       6         148.932    567
16015       6         149.428    568
16032       6         149.937    569
15971       6         150.861    570
15929       6         152.727    571
15908       6         156.363    572
14621       6         161.681    573
14604       6         161.806    574
55877       6         162.384    575
55875       6         162.398    576
15365       6         168.275    577
14021       6         168.587    578
90956       7           0.000    579
76958       7           0.000    580
18270       7          19.903    581
61373       7          22.351    582
56790       7          23.282    583
59740       7          23.601    584
18223       7          24.426    585
18160       7          27.487    586
18126       7          30.973    587
18078       7          31.155    588
18082       7          31.339    589
57530       7          35.312    590
64247       7          36.322    591
64248       7          36.623    592
53507       7          42.522    593
55980       7          43.923    594
74353       7          43.923    595
82389       7          44.172    596
53634       7          46.724    597
67100       7          47.181    598
54799       7          50.561    599
61321       7          54.159    600
13004       7          56.383    601
53393       7          58.273    602
60200       7          59.572    603
53100       7          60.165    604
56248       7          61.400    605
86096       7          61.782    606
56311       7          62.574    607
54410       7          65.003    608
54421       7          66.727    609
55574       7          66.767    610
56018       7          67.176    611
85318       7          71.410    612
71459       7          72.695    613
102726      7          75.197    614
76739       7          78.466    615
57540       7          78.779    616
59868       7          79.326    617
58964       7          79.814    618
82729       7          80.341    619
80219       7          80.730    620
81454       7          82.288    621
79592       7          84.574    622
60951       7          85.517    623
53469       7          88.086    624
55578       7          88.844    625
56823       7          92.203    626
55357       7          94.557    627
53558       7          95.009    628
54851       7          95.302    629
57387       7          95.960    630
73697       7          99.271    631
17990       7         100.140    632
18000       7         100.429    633
17654       7         101.410    634
17544       7         101.834    635
17638       7         102.164    636
17743       7         103.407    637
17618       7         104.010    638
17733       7         104.337    639
17579       7         104.371    640
17707       7         106.501    641
17193       7         107.725    642
17244       7         108.146    643
17314       7         108.177    644
17375       7         108.415    645
17245       7         108.555    646
17380       7         109.017    647
16944       7         109.513    648
16805       7         110.699    649
16506       7         111.008    650
17791       7         111.681    651
16767       7         112.373    652
16680       7         113.641    653
16431       7         114.219    654
16681       7         114.334    655
16397       7         115.332    656
15146       7         120.011    657
16551       7         120.011    658
16602       7         129.844    659
16582       7         145.316    660
18568       7         152.807    661
58101       7         153.310    662
3343        8           0.000    663
3301        8           0.496    664
3344        8           1.250    665
3260        8           5.754    666
63086       8           8.024    667
3234        8          11.024    668
56163       8          13.187    669
3047        8          13.349    670
21063       8          16.231    671
3059        8          16.380    672
3152        8          26.912    673
3133        8          27.384    674
3018        8          29.459    675
3005        8          30.325    676
76999       8          31.305    677
77088       8          33.213    678
2914        8          33.998    679
86977       8          35.852    680
2888        8          37.327    681
2885        8          38.697    682
2827        8          44.412    683
2769        8          45.269    684
2770        8          45.269    685
2491        8          51.362    686
67975       8          54.684    687
1054        8          60.686    688
11333       8          63.931    689
1336        8          65.485    690
56365       8          65.516    691
1029        8          67.513    692
2147        8          68.193    693
1673        8          68.358    694
1320        8          68.374    695
2236        8          68.678    696
2403        8          68.678    697
1765        8          69.541    698
1689        8          70.151    699
2447        8          71.553    700
933         8          73.275    701
1208        8          75.146    702
1043        8          75.487    703
914         8          75.608    704
675         8          79.704    705
641         8          79.840    706
436         8          85.845    707
537         8          87.159    708
71836       8          89.994    709
444         8          98.453    710
107086      8          98.453    711
362         8         102.093    712
123         8         110.364    713
102         8         111.408    714
100         8         111.719    715
336         8         112.457    716
68623       8         112.553    717
3412        8         118.015    718
3456        8         121.225    719
65956       8         121.508    720
3458        8         122.154    721
2249        8         123.052    722
84550       8         125.458    723
3297        8         128.136    724
75350       8         129.441    725
1060        8         132.702    726
254         8         139.560    727
63298       8         141.976    728
163         8         143.436    729
75938       8         150.908    730
75939       8         150.908    731
57326       9           0.000    732
35342       9           0.000    733
34093       9           0.322    734
51222       9           4.026    735
33784       9           5.029    736
67119       9           7.213    737
88392       9           7.825    738
103332      9          15.822    739
108488      9          15.822    740
81517       9          17.249    741
66956       9          17.249    742
34248       9          17.440    743
65534       9          19.024    744
34296       9          23.753    745
34810       9          24.740    746
35479       9          31.385    747
32865       9          37.573    748
32867       9          38.758    749
65408       9          39.916    750
33276       9          41.766    751
33415       9          43.828    752
33224       9          45.751    753
34484       9          46.849    754
34381       9          47.572    755
34451       9          48.051    756
73624       9          48.298    757
32992       9          48.306    758
33309       9          48.306    759
64023       9          49.190    760
34181       9          50.318    761
34242       9          50.372    762
90298       9          50.965    763
34358       9          51.831    764
34363       9          52.390    765
34102       9          54.179    766
108459      9          54.934    767
33840       9          55.387    768
33880       9          55.562    769
35355       9          59.221    770
35357       9          59.623    771
33144       9          61.152    772
89971       9          61.388    773
68399       9          65.350    774
64009       9          65.913    775
34778       9          66.717    776
34777       9          66.717    777
34715       9          68.607    778
34817       9          71.043    779
35060       9          73.568    780
34886       9          76.253    781
35014       9          76.274    782
35061       9          78.168    783
34943       9          79.671    784
35077       9          82.517    785
34949       9          83.827    786
34975       9          86.192    787
34979       9          87.663    788
33032       9          90.327    789
57364       9          99.486    790
35196       9         100.167    791
35163       9         100.365    792
35179       9         101.015    793
66553       9         101.426    794
53858       10         0.000    795
53859       10        14.425    796
12861       10        19.250    797
70044       10        19.250    798
54120       10        19.878    799
83305       10        21.953    800
19467       10        22.566    801
69401       10        23.165    802
18969       10        31.006    803
18968       10        31.640    804
18637       10        31.842    805
20362       10        33.082    806
20611       10        36.910    807
86620       10        47.702    808
20914       10        47.995    809
20985       10        52.153    810
22316       10        52.794    811
20972       10        53.116    812
57954       10        54.804    813
18724       10        56.434    814
68823       10        58.081    815
70177       10        58.923    816
18867       10        60.234    817
19113       10        60.903    818
11757       10        63.569    819
20748       10        65.780    820
19901       10        65.780    821
108945      10        69.132    822
20765       10        69.216    823
106349      10        69.332    824
20749       10        71.643    825
20069       10        71.643    826
19676       10        71.643    827
20186       10        72.575    828
20029       10        74.197    829
19817       10        77.498    830
19244       10        78.769    831
19247       10        78.913    832
19466       10        80.845    833
19315       10        82.762    834
19292       10        83.409    835
19339       10        85.038    836
63853       10        91.040    837
20375       10        91.881    838
20431       10        93.494    839
53636       10        93.932    840
53637       10        94.227    841
20268       10        94.897    842
20468       10        97.883    843
20525       10       105.213    844
73394       10        110.841    845
63579       10        111.095    846
76354       10        111.978    847
57424       10        117.991    848
63030       10        117.991    849
89442       10        121.362    850
20668       10        122.537    851
72375       10        126.621    852
20714       10         127.103    853
67573       11           0.000    854
24260       11           0.839    855
66922       11           2.951    856
24310       11           3.629    857
79940       11          17.309    858
80284       11          17.309    859
24744       11          25.266    860
68100       11          26.559    861
66488       11          30.226    862
26061       11          32.731    863
89591       11          34.269    864
96863       11          34.803    865
23459       11          43.267    866
23460       11          43.452    867
64814       11          44.589    868
23521       11          46.060    869
23575       11          48.329    870
82745       11          48.329    871
24147       11          50.602    872
23646       11          51.701    873
23702       11          54.167    874
27197       11          56.852    875
23964       11          58.536    876
24953       11          59.485    877
64289       11          60.424    878
24958       11          61.492    879
70922       11          61.697    880
23894       11          62.928    881
23907       11          63.656    882
23943       11          63.656    883
96420       11          65.359    884
24002       11          66.809    885
41980       11          68.380    886
58550       11          69.025    887
64601       11          70.078    888
24082       11          70.078    889
24623       11          70.078    890
24761       11          71.018    891
67333       11          71.019    892
24541       11          72.021    893
24681       11          72.904    894
24300       11          73.154    895
24842       11          73.635    896
24462       11          73.663    897
24553       11          75.298    898
24591       11          75.972    899
24804       11          78.219    900
24269       11          82.141    901
25133       11          85.186    902
25135       11          85.631    903
25240       11          87.906    904
60027       11          91.492    905
25275       11          94.302    906
89849       11          98.403    907
67107       11         102.456    908
25635       11         102.465    909
25582       11         108.049    910
25698       11         108.049    911
55871       11         112.438    912
25738       11         113.567    913
25925       11         118.926    914
25949       11         119.953    915
25935       11         120.542    916
25937       11         124.085    917
25963       11         124.085    918
26278       11         128.692    919
26203       11         131.643    920
26249       11         133.096    921
26264       11         133.144    922
68458       11         138.428    923
26125       11         142.178    924
26103       11         144.651    925
61355       11         144.651    926
91619       11         149.003    927
84634       11         153.578    928
96825       11         154.313    929
26369       11         154.313    930
67676       11         167.998    931
26361       11         169.365    932
26437       11         171.060    933
26564       11         173.937    934
26567       11         173.937    935
26565       11         173.937    936
26527       11         176.737    937
26334       11         181.558    938
89836      12           0.000    939
63418      12           0.032    940
32245      12           2.253    941
32406      12           4.714    942
32327      12          12.551    943
31949      12          20.794    944
87118      12          27.720    945
52421      12          28.210    946
26021      12          30.770    947
26020      12          31.243    948
31786      12          35.382    949
31512      12          36.012    950
30944      12          37.231    951
30756      12          37.468    952
31182      12          37.727    953
31314      12          38.438    954
31275      12          39.465    955
72200      12          39.473    956
30982      12          39.783    957
87609      12          39.783    958
30663      12          40.070    959
31240      12          40.512    960
30590      12          40.889    961
31011      12          41.859    962
31010      12          43.022    963
31292      12          43.614    964
31278      12          44.597    965
71704      12          45.671    966
30799      12          45.947    967
31408      12          46.341    968
30655      12          46.542    969
37538      12          48.414    970
31497      12          49.770    971
31694      12          50.301    972
55747      12          51.105    973
30780      12          51.105    974
56255      12          51.362    975
91837      12          56.701    976
87411      12          56.701    977
75348      12          57.767    978
30475      12          62.483    979
30467      12          63.227    980
30404      12          64.666    981
32666      12          73.326    982
65546      12          75.960    983
32488      12          77.700    984
98010      12          79.461    985
31888      12          81.972    986
32508      12          87.024    987
31076      12          92.824    988
4333       13            0.000    989
58118      13            0.055    990
4188       13            0.077    991
4508       13            2.478    992
4538       13            3.215    993
55650      13            3.384    994
4057       13            5.828    995
4060       13            6.954    996
83735      13            7.051    997
4027       13            7.196    998
76963      13            9.612    999
78947      13           10.360   1000
5155       13           12.965   1001
4021       13           17.284   1002
5521       13           19.426   1003
74753      13           23.064   1004
75513      13           27.355   1005
73000      13           31.887   1006
6355       13           38.133   1007
6408       13           41.239   1008
6433       13           42.638   1009
66698      13           44.838   1010
91792      13           46.126   1011
4023       13           46.392   1012
60330      13           47.140   1013
4015       13           47.352   1014
71439      13           47.601   1015
58595      13           49.971   1016
87483      13           52.038   1017
105535     13           52.296   1018
3710       13           52.782   1019
4095       13           53.851   1020
4672       13           53.853   1021
4754       13           53.853   1022
4602       13           54.369   1023
4440       13           55.133   1024
4664       13           55.462   1025
4076       13           56.309   1026
4478       13           57.748   1027
70143      13           60.747   1028
4100       13           62.295   1029
4861       13           63.610   1030
69661      13           65.191   1031
4925       13           65.191   1032
4924       13           66.626   1033
4947       13           67.565   1034
4990       13           69.917   1035
4977       13           70.484   1036
5238       13           74.373   1037
89351      13           74.571   1038
5294       13           79.571   1039
5326       13           81.862   1040
5374       13           83.797   1041
5444       13           85.929   1042
5420       13           86.624   1043
5753       13           90.599   1044
5649       13           91.579   1045
67744      13           92.288   1046
82656      13           94.698   1047
84873      13           98.228   1048
5842       13          102.697   1049
87227      13          106.194   1050
5856       13          106.194   1051
5818       13          107.216   1052
55943      13          110.056   1053
65556      13          110.082   1054
6075       13          123.634   1055
72658      13          125.446   1056
6147       13          128.684   1057
83716      13          139.042   1058
6055       13          139.042   1059
30066      14            0.000   1060
54919      14            3.706   1061
55622      14            7.425   1062
56690      14            9.405   1063
56655      14           10.786   1064
85900      14           15.563   1065
85428      14           16.956   1066
84388      14           17.631   1067
56084      14           20.102   1068
29970      14           24.442   1069
29788      14           25.466   1070
104931     14           25.702   1071
29511      14           29.282   1072
29612      14           30.351   1073
29498      14           33.294   1074
29472      14           33.374   1075
29457      14           34.229   1076
29432      14           35.370   1077
29211      14           41.335   1078
27878      14           50.995   1079
28691      14           59.478   1080
28332      14           60.077   1081
28182      14           61.009   1082
28825      14           64.032   1083
64984      14           65.200   1084
24434      14           66.479   1085
28317      14           66.947   1086
27414      14           67.415   1087
27572      14           67.415   1088
78596      14           67.981   1089
58498      14           69.694   1090
64602      14           71.113   1091
67377      14           71.234   1092
27489      14           71.356   1093
28725      14           73.203   1094
27435      14           74.784   1095
28837      14           77.186   1096
27580      14           77.186   1097
28634      14           79.427   1098
59287      14           80.920   1099
28537      14           82.503   1100
27295      14           83.726   1101
23686      14           85.344   1102
27287      14           86.867   1103
26942      14           88.183   1104
74291      14           88.187   1105
91821      14           97.116   1106
30278      14           98.266   1107
26792      14           99.875   1108
29799      14          104.113   1109
63111      14          105.119   1110
75841      14          107.886   1111
29357      14          110.134   1112
28570      14          115.294   1113
28571      14          115.294   1114
97569      14          116.124   1115
27484      14          119.799   1116
17550      14          122.330   1117
74541      14          125.829   1118
54989      15            0.000   1119
36753      15            0.000   1120
39296      15            3.032   1121
37752      15            3.142   1122
37526      15            3.142   1123
88171      15            4.283   1124
73779      15            4.623   1125
37805      15            4.832   1126
37806      15            4.963   1127
37094      15            5.203   1128
36924      15            5.447   1129
36851      15            5.655   1130
36628      15            6.131   1131
37739      15            7.368   1132
36749      15            8.566   1133
36838      15            8.566   1134
69440      15            9.782   1135
85580      15           10.587   1136
36476      15           13.256   1137
36436      15           15.160   1138
84897      15           19.470   1139
84898      15           19.785   1140
58767      15           21.444   1141
76822      15           22.101   1142
56002      15           23.647   1143
36296      15           31.997   1144
36185      15           33.595   1145
36223      15           36.591   1146
78866      15           38.756   1147
81566      15           38.756   1148
36021      15           40.685   1149
60802      15           42.400   1150
36129      15           44.593   1151
64012      15           46.379   1152
35915      15           49.628   1153
72870      15           51.924   1154
37046      15           56.058   1155
80458      15           56.329   1156
38100      15           59.203   1157
38088      15           62.151   1158
38046      15           63.242   1159
37835      15           65.887   1160
90832      15           66.987   1161
37589      15           67.873   1162
102802     15           69.267   1163
37647      15           70.187   1164
36638      15           77.343   1165
35676      15           77.574   1166
37895      15           80.001   1167
37885      15           81.816   1168
37905      15           82.631   1169
56592      16           0.000   1170
42358      16           0.000   1171
80351      16           3.415   1172
42224      16          12.915   1173
66432      16          13.980   1174
70319      16          13.999   1175
82684      16          14.353   1176
42203      16          16.614   1177
41121      16          17.288   1178
42064      16          19.787   1179
41298      16          22.584   1180
68050      16          24.372   1181
41294      16          24.381   1182
70703      16          26.623   1183
49980      16          30.242   1184
41663      16          30.767   1185
91117      16          30.875   1186
40890      16          32.836   1187
41044      16          33.236   1188
40881      16          33.337   1189
71644      16          33.403   1190
40852      16          33.518   1191
40826      16          33.646   1192
40683      16          33.934   1193
41643      16          34.226   1194
40877      16          34.434   1195
40900      16          35.945   1196
46510      16          37.489   1197
40903      16          38.886   1198
72135      16          48.063   1199
91280      16          48.063   1200
42986      16          56.818   1201
42505      16          57.199   1202
42526      16          57.994   1203
58407      16          63.294   1204
91368      16          65.450   1205
100023     16          70.838   1206
59215      16          70.838   1207
42430      16          76.520   1208
42425      16          77.127   1209
41868      16          77.141   1210
80972      16          78.302   1211
70733       17           0.000   1212
77346       17           0.000   1213
39301       17           1.633   1214
39653       17           3.067   1215
79210       17           3.067   1216
39606       17           3.643   1217
39949       17           3.662   1218
39673       17           4.345   1219
39378       17           4.890   1220
39601       17           5.413   1221
39294       17           5.743   1222
39123       17           6.124   1223
39114       17           9.357   1224
39387       17           9.568   1225
39052       17          10.759   1226
39127       17          10.953   1227
99200       17          14.948   1228
39018       17          14.948   1229
39028       17          14.948   1230
99207       17          17.559   1231
64763       17          19.295   1232
40170       17          21.774   1233
38807       17          22.450   1234
80085       17          23.901   1235
38705       17          29.263   1236
80883       17          29.263   1237
38596       17          43.135   1238
38535       17          43.349   1239
86313       17          45.434   1240
40191       17          47.667   1241
40219       17          47.667   1242
82317       17          66.861   1243
38134       17          66.861   1244
38148       17          70.402   1245
39423       17          81.572   1246
39941       17          82.292   1247
39906       17          83.812   1248
91015       17          89.402   1249
39530       17          89.402   1250
40298       17          99.111   1251
38965       17         100.217   1252
38211       17         104.052   1253
44557       18           0.000   1254
68812       18           0.626   1255
44464       18           1.405   1256
44428       18           3.725   1257
76440       18           4.716   1258
44200       18          10.513   1259
60681       18          13.211   1260
44076       18          17.156   1261
43483       18          19.541   1262
21783       18          22.787   1263
79962       18          24.986   1264
55492       18          25.470   1265
11258       18          26.211   1266
42842       18          26.796   1267
57305       18          27.725   1268
43240       18          29.010   1269
78638       18          29.378   1270
70130       18          29.386   1271
43230       18          30.247   1272
43247       18          33.319   1273
42626       18          33.319   1274
42872       18          41.999   1275
43420       18          44.886   1276
83903       18          60.046   1277
44744       18          64.576   1278
88761       18          67.503   1279
44188       18          68.849   1280
43764       18          70.663   1281
